3.10 1.99 3.50 2
3.33 2.15 3.10 2
3.30 2.10 3.00 2
3.10 1.89 4.25 2
3.30 2.10 3.25 1
3.40 2.15 3.10 1
3.25 2.05 3.40 2
3.25 2.05 3.10 2
3.25 2.05 3.20 2
3.25 2.05 3.40 2
3.25 2.05 3.50 2
3.10 1.99 3.50 2
3.30 2.05 3.10 2
3.10 1.95 3.70 1
3.25 2.05 3.90 2
3.40 2.15 3.40 2
3.30 2.05 3.40 2
3.10 1.93 3.75 2
3.00 1.90 3.90 2
3.10 2.00 3.40 2
3.00 1.92 3.90 2
3.30 2.10 3.00 1
3.20 2.05 3.80 1
3.20 2.00 3.90 1
3.25 2.05 3.10 2
3.40 2.10 3.33 2
3.00 1.87 4.10 2
3.33 2.10 3.33 1
3.10 1.98 3.80 1
3.10 1.95 3.70 2
3.25 2.10 3.30 1
3.20 2.05 3.30 2
3.20 2.00 4.10 1
3.25 2.05 3.20 1
3.25 2.10 3.80 1
3.20 2.05 3.40 2
3.33 2.15 3.50 1
3.25 2.10 3.10 2
3.20 2.05 3.40 2
3.50 2.20 3.10 2
3.33 2.10 3.70 1
3.30 2.10 3.70 2
3.25 2.10 3.10 2
3.30 2.05 3.90 1
3.30 2.05 3.50 1
3.20 2.05 3.50 1
3.20 1.95 4.50 2
3.20 2.10 3.33 2
3.33 2.15 3.10 1
3.50 2.15 3.33 1
3.33 2.10 3.70 1
3.25 2.00 4.10 2
3.50 2.25 3.10 1
3.30 2.10 3.75 2
3.30 2.10 3.75 2
3.33 2.05 3.80 2
3.40 2.10 3.60 1
3.25 1.99 4.20 2
3.25 2.05 4.00 2
3.40 2.15 3.40 2
3.30 2.05 3.80 2
3.25 2.05 4.00 1
3.30 2.10 3.75 1
3.33 2.05 3.75 2
3.33 2.05 3.75 2
3.30 2.05 3.80 2
3.25 2.05 4.00 2
3.30 2.05 3.90 2
3.40 2.10 3.50 2
3.25 2.05 3.90 2
3.25 2.05 3.90 2
3.30 2.10 3.00 2
3.10 1.89 4.25 2
3.10 1.99 3.50 2
3.25 2.05 3.40 2
3.40 2.15 3.10 1
3.30 2.10 3.25 1
3.20 2.05 3.40 2
3.33 2.15 3.50 1
3.25 2.10 3.10 2
3.20 2.05 3.40 2
3.50 2.20 3.10 2
3.33 2.10 3.70 1
3.30 2.10 3.70 2
3.25 2.10 3.10 2
3.40 2.10 3.50 2
3.20 2.05 3.50 1
3.20 1.95 4.50 2
3.30 2.05 3.50 1
3.20 2.10 3.33 2
3.20 2.05 3.20 2
3.10 1.93 3.75 1
3.25 2.05 3.40 0
3.20 1.96 4.00 2
3.33 2.05 3.80 2
3.40 2.15 3.40 2
3.33 2.10 3.10 0
3.20 2.05 3.40 1
3.40 2.15 3.25 0
3.40 2.20 3.10 0
3.25 2.10 3.10 2
3.10 2.05 3.40 2
3.10 1.94 3.70 2
3.00 1.85 4.25 2
3.10 2.00 3.60 0
3.20 2.05 3.25 0
3.10 2.00 3.50 2
3.25 2.05 3.50 2
3.10 1.91 3.80 1
3.20 2.00 3.60 1
3.10 2.00 3.75 2
3.20 2.00 3.60 2
3.10 2.00 4.00 0
3.33 2.05 3.75 1
3.40 2.10 3.60 2
3.40 2.10 3.50 0
3.30 2.15 3.60 1
3.40 2.15 3.40 2
3.40 2.20 3.33 1
3.20 1.98 4.30 0
3.20 1.97 4.30 0
3.50 2.25 3.10 1
3.30 2.10 3.70 1
3.30 2.05 3.90 2
3.20 1.94 4.50 2
3.25 1.97 4.25 0
3.30 2.00 4.00 1
3.00 1.91 3.90 2
3.20 2.00 3.75 2
3.25 2.05 3.40 1
3.30 2.05 3.60 2
3.20 2.00 3.30 0
3.25 2.05 3.20 0
3.00 1.91 3.90 0
3.00 1.84 4.30 2
3.10 2.00 3.40 2
3.20 2.05 3.30 1
3.20 2.00 3.60 1
3.30 2.05 3.50 0
3.40 2.15 3.30 2
3.33 2.10 3.40 2
3.25 2.10 3.10 0
3.00 1.92 3.90 1
3.25 2.05 3.33 0
3.10 1.97 3.70 2
3.10 1.96 3.60 1
3.20 2.05 3.20 0
3.40 2.15 3.10 1
3.20 2.05 3.40 2
3.10 1.96 3.60 1
3.10 1.94 3.70 2
3.10 1.96 3.60 2
3.10 1.97 3.80 2
3.10 1.97 3.90 1
3.20 2.00 3.50 2
3.25 2.05 3.33 2
3.20 2.05 3.40 1
3.25 2.05 3.40 2
3.20 2.00 3.30 2
3.20 2.00 3.33 0
3.20 2.00 3.33 2
3.20 2.00 3.60 0
3.25 2.00 3.50 2
3.25 2.00 3.50 2
3.25 2.05 3.40 1
3.30 2.05 3.33 0
3.30 2.10 3.25 1
3.20 1.95 4.10 1
3.40 2.25 2.65 2
3.25 2.10 3.10 2
3.25 2.05 3.10 1
3.25 2.05 3.20 0
3.20 2.00 3.90 0
3.25 2.10 3.50 2
3.25 2.10 3.70 1
3.30 2.10 3.25 1
3.10 2.05 3.40 2
3.30 2.10 3.25 1
3.33 2.10 3.70 1
3.33 2.10 3.70 2
3.25 2.10 3.70 1
3.50 2.20 3.30 2
3.00 1.87 4.10 1
3.10 1.93 3.70 2
3.10 1.90 3.90 0
3.10 1.89 3.90 0
2.90 1.93 4.00 0
3.10 1.98 3.50 0
3.30 2.10 2.95 2
3.10 2.00 3.40 2
3.20 2.00 3.40 2
3.33 2.10 2.95 2
3.25 2.05 4.00 1
3.10 2.05 3.60 2
3.33 2.10 3.60 1
3.10 1.92 4.10 1
3.25 2.05 3.40 1
3.20 2.00 3.60 0
3.20 2.00 3.90 2
3.33 2.10 3.33 1
3.50 2.25 2.95 0
3.30 2.10 3.25 1
3.10 1.92 3.75 2
3.33 2.10 3.20 2
3.10 1.96 3.90 1
3.20 2.10 3.20 2
3.33 2.10 3.50 1
3.30 2.10 3.50 2
3.25 2.00 3.75 2
3.00 1.84 4.30 2
3.10 1.91 3.80 0
3.10 1.98 3.80 2
3.10 1.95 3.90 0
3.20 1.99 3.90 0
3.25 2.10 3.33 0
3.00 1.97 3.60 1
3.25 2.05 3.50 0
3.20 2.10 3.10 2
3.20 1.98 3.70 2
3.10 1.98 3.50 1
3.00 1.89 4.00 1
3.40 2.15 3.00 1
3.10 1.97 3.60 2
3.10 1.98 3.60 0
3.00 1.97 3.60 0
3.10 1.99 3.60 0
3.10 2.05 3.30 1
3.30 2.25 2.75 1
3.30 2.05 3.60 0
3.40 2.15 3.50 2
3.30 2.05 3.60 0
3.40 2.15 3.50 2
3.20 2.05 3.50 2
3.10 1.92 4.00 2
3.40 2.15 3.00 2
3.10 1.87 4.30 2
3.50 2.15 3.40 2
3.10 1.94 3.90 0
3.20 1.94 3.90 2
3.10 1.93 3.90 2
3.10 1.93 3.70 0
3.10 1.97 3.50 2
3.10 1.93 3.70 0
3.10 1.91 3.80 2
3.20 1.98 3.50 2
3.10 1.94 3.70 2
3.10 1.99 3.50 1
3.10 1.95 3.60 2
3.10 1.96 3.60 1
3.10 2.00 3.50 1
3.00 1.82 4.40 1
3.00 1.87 4.00 2
3.00 1.85 4.20 2
3.20 1.97 3.75 1
3.30 2.15 3.60 1
3.10 1.89 3.90 0
3.25 2.10 3.60 2
3.30 2.05 3.60 0
3.10 1.98 3.75 2
3.40 2.10 3.60 2
3.30 2.05 4.00 0
3.20 2.00 4.20 2
3.33 2.10 3.50 1
3.33 2.05 3.70 0
3.30 2.10 3.25 0
3.25 2.00 3.80 2
3.20 2.00 4.00 1
3.33 2.05 3.70 2
3.25 2.05 3.40 0
3.20 1.97 3.75 2
3.25 2.00 4.10 1
3.10 1.85 4.50 2
3.00 1.98 3.60 2
3.40 2.10 3.33 0
3.40 2.15 3.25 1
3.20 2.05 3.30 2
3.10 1.99 3.60 2
3.10 2.05 3.25 2
3.10 1.91 3.80 1
3.00 1.80 4.50 2
3.10 1.91 3.80 1
3.10 1.94 3.60 1
3.10 1.89 4.20 2
3.10 1.90 3.90 2
3.10 2.00 3.40 2
3.10 1.97 3.50 1
3.20 1.99 3.70 2
3.25 2.00 3.50 2
3.20 1.99 3.70 2
3.20 1.95 3.80 0
3.10 1.91 4.00 0
3.10 1.93 4.00 1
3.10 2.05 3.40 2
3.10 1.93 3.70 1
3.10 1.92 3.80 0
3.25 2.10 3.10 2
3.10 2.00 3.50 2
3.20 2.05 3.25 2
3.00 1.84 4.30 2
3.25 2.10 3.30 0
3.20 2.05 3.30 2
3.20 2.00 3.33 1
3.10 2.05 3.33 1
3.10 1.92 3.80 1
3.10 1.92 3.80 1
3.10 1.96 3.50 2
3.10 1.99 3.50 0
3.10 1.93 3.70 2
3.10 1.99 3.50 1
3.10 1.98 3.50 1
3.10 1.96 3.60 1
3.10 1.93 3.80 1
3.20 2.00 3.50 2
3.20 2.00 3.60 0
3.20 2.00 3.60 2
3.20 2.05 3.25 1
3.25 2.05 3.10 1
3.25 2.05 3.20 0
3.00 1.94 3.75 1
3.10 1.98 3.50 1
3.20 2.00 3.40 1
3.10 2.00 3.50 1
3.10 2.00 3.50 0
3.10 1.95 3.60 1
3.40 2.20 2.95 0
3.25 2.10 3.10 1
3.10 1.90 3.90 2
3.10 1.96 3.60 2
3.10 1.99 3.50 2
3.20 2.05 3.20 2
3.10 2.05 3.30 0
3.10 2.00 3.70 2
3.20 1.99 3.40 0
3.00 1.85 4.20 2
3.10 2.00 3.50 1
3.10 1.89 3.80 2
3.33 2.05 3.80 1
3.40 2.10 3.70 1
3.33 2.10 3.60 2
3.40 2.10 3.60 2
3.50 2.15 3.33 1
